0 0.30248306997742663 0.7062641083521444 0.3713318284424379 0.35383747178329567
0 0.2849887133182844 0.28386004514672686 0.20541760722347627 0.237020316027088
0 0.1752257336343115 0.32816027088036115 0.12020316027088035 0.1540632054176072
0 0.14108352144469524 0.3944695259593679 0.07674943566591422 0.10722347629796838
0 0.40547404063205417 0.31264108352144465 0.07731376975169299 0.12076749435665914
0 0.44384875846501126 0.35214446952595935 0.06038374717832957 0.08239277652370203
0 0.47432279909706543 0.37020316027088035 0.01636568848758465 0.06659142212189616
0 0.30248306997742663 0.7062641083521444 0.3713318284424379 0.35383747178329567
0 0.2849887133182844 0.28386004514672686 0.20541760722347627 0.237020316027088
0 0.1752257336343115 0.32816027088036115 0.12020316027088035 0.1540632054176072
0 0.14108352144469524 0.3944695259593679 0.07674943566591422 0.10722347629796838
0 0.40547404063205417 0.31264108352144465 0.07731376975169299 0.12076749435665914
0 0.44384875846501126 0.35214446952595935 0.06038374717832957 0.08239277652370203
0 0.47432279909706543 0.37020316027088035 0.01636568848758465 0.06659142212189616
