0 0.5453125 0.2810304449648712 0.24375000000000002 0.13817330210772832
0 0.6296875000000001 0.4566744730679157 0.184375 0.11475409836065574
0 0.76875 0.35655737704918034 0.14375000000000002 0.06908665105386416
0 0.3609375 0.4566744730679157 0.16875 0.1288056206088993
0 0.1234375 0.9010538641686182 0.23750000000000002 0.1791569086651054
0 0.5453125 0.2810304449648712 0.24375000000000002 0.13817330210772832
0 0.6296875000000001 0.4566744730679157 0.184375 0.11475409836065574
0 0.76875 0.35655737704918034 0.14375000000000002 0.06908665105386416
0 0.3609375 0.4566744730679157 0.16875 0.1288056206088993
0 0.1234375 0.9010538641686182 0.23750000000000002 0.1791569086651054
