0 0.11406250000000001 0.17037470725995316 0.065625 0.040983606557377046
0 0.25703125 0.18618266978922718 0.0921875 0.06323185011709602
0 0.40390625 0.1797423887587822 0.0859375 0.05737704918032787
0 0.59921875 0.17505854800936768 0.06406250000000001 0.03864168618266979
0 0.7390625000000001 0.186768149882904 0.0625 0.03395784543325527
0 0.8890625000000001 0.16334894613583137 0.07187500000000001 0.04800936768149883
0 0.11328125 0.3395784543325527 0.0859375 0.04449648711943794
0 0.25546875 0.34250585480093676 0.0765625 0.03864168618266979
0 0.403125 0.34660421545667447 0.08750000000000001 0.03981264637002342
0 0.57578125 0.33782201405152223 0.06406250000000001 0.03395784543325527
0 0.6953125 0.32084309133489464 0.07187500000000001 0.04215456674473068
0 0.80234375 0.33489461358313816 0.0671875 0.04449648711943794
0 0.9070312500000001 0.30971896955503514 0.0578125 0.03864168618266979
0 0.10078125 0.702576112412178 0.0734375 0.04449648711943794
0 0.209375 0.7909836065573771 0.078125 0.04332552693208431
0 0.31171875000000004 0.6610070257611241 0.0765625 0.04800936768149883
0 0.39765625000000004 0.8108899297423887 0.07968750000000001 0.05035128805620609
0 0.6171875 0.6908665105386417 0.05625 0.03278688524590164
0 0.75703125 0.6639344262295082 0.0578125 0.03278688524590164
0 0.90234375 0.6768149882903981 0.060937500000000006 0.03278688524590164
0 0.58203125 0.8348946135831382 0.06406250000000001 0.03981264637002342
0 0.68671875 0.832552693208431 0.045312500000000006 0.03747072599531616
0 0.7976562500000001 0.8442622950819673 0.0546875 0.03747072599531616
0 0.91171875 0.8331381733021077 0.0546875 0.03629976580796253
0 0.11406250000000001 0.17037470725995316 0.065625 0.040983606557377046
0 0.25703125 0.18618266978922718 0.0921875 0.06323185011709602
0 0.40390625 0.1797423887587822 0.0859375 0.05737704918032787
0 0.59921875 0.17505854800936768 0.06406250000000001 0.03864168618266979
0 0.7390625000000001 0.186768149882904 0.0625 0.03395784543325527
0 0.8890625000000001 0.16334894613583137 0.07187500000000001 0.04800936768149883
0 0.11328125 0.3395784543325527 0.0859375 0.04449648711943794
0 0.25546875 0.34250585480093676 0.0765625 0.03864168618266979
0 0.403125 0.34660421545667447 0.08750000000000001 0.03981264637002342
0 0.57578125 0.33782201405152223 0.06406250000000001 0.03395784543325527
0 0.6953125 0.32084309133489464 0.07187500000000001 0.04215456674473068
0 0.80234375 0.33489461358313816 0.0671875 0.04449648711943794
0 0.9070312500000001 0.30971896955503514 0.0578125 0.03864168618266979
0 0.10078125 0.702576112412178 0.0734375 0.04449648711943794
0 0.209375 0.7909836065573771 0.078125 0.04332552693208431
0 0.31171875000000004 0.6610070257611241 0.0765625 0.04800936768149883
0 0.39765625000000004 0.8108899297423887 0.07968750000000001 0.05035128805620609
0 0.6171875 0.6908665105386417 0.05625 0.03278688524590164
0 0.75703125 0.6639344262295082 0.0578125 0.03278688524590164
0 0.90234375 0.6768149882903981 0.060937500000000006 0.03278688524590164
0 0.58203125 0.8348946135831382 0.06406250000000001 0.03981264637002342
0 0.68671875 0.832552693208431 0.045312500000000006 0.03747072599531616
0 0.7976562500000001 0.8442622950819673 0.0546875 0.03747072599531616
0 0.91171875 0.8331381733021077 0.0546875 0.03629976580796253
